2147483607
2147483194
2147482840
2147482625
2147482362
2147482144
2147481731
2147481731
2147481620
2147481594
2147481569
2147481135
2147480731
2147480727
2147480172
2147479788
2147479734
2147479661
2147479597
2147479535
2147479349
2147478829
2147478745
2147478702
2147478300
2147478195
2147478001
2147477844
2147477783
2147477614
2147477481
2147477198
2147477087
2147477081
2147476975
2147476867
2147476807
2147476721
2147476267
2147476261
2147476246
2147476032
2147475337
2147475223
2147474926
2147474511
2147474444
2147474370
2147474236
2147473757
2147473745
2147473647
2147473600
2147473571
2147473558
2147473548
2147473306
2147473077
2147472936
2147472653
2147472404
2147472384
2147472377
2147472272
2147472089
2147470769
2147470654
2147470230
2147470209
2147470078
2147469981
2147469913
2147469886
2147469596
2147469484
2147469151
2147469037
2147468863
2147468422
2147468336
2147468233
2147468194
2147468075
2147468057
2147468018
2147467896
2147467784
2147467769
2147467732
2147467693
2147467008
2147466936
2147466107
2147465699
2147465369
2147465116
2147464581
2147464057
2147464039
2147463899
